'''
Created on May 25, 2014

@author: Leon
'''
import pymel.core.nodetypes as nt
from pymel.core.datatypes import Matrix

# placementLoc xforms can be set in scene,
# then saved using modules.placementGrp.savePlacementGrpToDict
placeLocXforms = {u'CT_brow_pLoc': Matrix([[1.0, 0.0, 0.0, 0.0], [0.0, 0.992546151642, -0.121869343405, 0.0], [0.0, 0.121869343405, 0.992546151642, 0.0], [0.0, 107.169204712, 7.44248199463, 1.0]]),
 u'CT_chin_pLoc': Matrix([[1.0, 8.11116896822e-08, -1.71479358857e-07, 0.0], [8.1111689682e-08, 0.634334392501, 0.773058780747, 0.0], [1.71479358857e-07, -0.773058780747, 0.634334392501, 0.0], [0.0, 97.3111953735, 6.94018697739, 1.0]]),
 u'CT_jaw_pLoc': Matrix([[1.0, 0.0, 0.0, 0.0], [0.0, 0.99326861172, 0.11583378165, 0.0], [0.0, -0.11583378165, 0.99326861172, 0.0], [0.0, 100.99583748, -0.601931560084, 1.0]]),
 u'CT_lower_lip_pLoc': Matrix([[1.0, 0.0, 0.0, 0.0], [0.0, 1.0, 0.0, 0.0], [0.0, 0.0, 1.0, 0.0], [0.0, 99.4456329346, 7.54213809967, 1.0]]),
 u'CT_mid_chin_pLoc': Matrix([[1.0, -5.64540206596e-08, -6.75946050953e-07, 0.0], [-5.64540206598e-08, 0.986145947029, -0.165879990228, 0.0], [6.75946050953e-07, 0.165879990228, 0.986145947029, 0.0], [0.0, 98.7927780151, 7.14623022079, 1.0]]),
 u'CT_mouthMover_pLoc': Matrix([[1.0, 0.0, 0.0, 0.0], [0.0, 0.979441368921, 0.201729038184, 0.0], [0.0, -0.201729038184, 0.979441368921, 0.0], [0.0, 99.9851362464, 7.63389982043, 1.0]]),
 u'CT_neck_pLoc': Matrix([[1.0, 6.91027030969e-08, -1.64816172886e-07, 0.0], [6.91027030967e-08, 0.700986212113, 0.713174824589, 0.0], [1.64816172886e-07, -0.713174824589, 0.700986212113, 0.0], [0.0, 96.7574310303, 2.57198309898, 1.0]]),
 u'CT_noseMover_pLoc': Matrix([[1.0, 0.0, 0.0, 0.0], [0.0, 0.988004937727, -0.154422287987, 0.0], [0.0, 0.154422287987, 0.988004937727, 0.0], [0.0, 104.271470371, 7.05772391617, 1.0]]),
 u'CT_noseTip_pLoc': Matrix([[1.0, 0.0, 0.0, 0.0], [0.0, 1.0, 0.0, 0.0], [0.0, 0.0, 1.0, 0.0], [0.0, 102.551750183, 8.76263999939, 1.0]]),
 u'CT_philtrum_pLoc': Matrix([[1.0, 0.0, 0.0, 0.0], [0.0, 1.0, 0.0, 0.0], [0.0, 0.0, 1.0, 0.0], [0.0, 101.385215759, 7.82832098007, 1.0]]),
 u'CT_upper_lip_pLoc': Matrix([[1.0, 0.0, 0.0, 0.0], [0.0, 1.0, 0.0, 0.0], [0.0, 0.0, 1.0, 0.0], [0.0, 100.589759827, 7.90255689621, 1.0]]),
 u'LT_cheek_pLoc': Matrix([[0.801430635748, 6.93889390391e-18, -0.598087732765, 0.0], [0.0625171916052, 0.994521895368, 0.0837723127704, 0.0], [0.594811345586, -0.104528463268, 0.797040314871, 0.0], [4.36943101883, 103.285072327, 5.38346290588, 1.0]]),
 u'LT_chin_pLoc': Matrix([[0.684723190896, 0.330125535297, -0.649747091409, 0.0], [0.377872440189, 0.601520810332, 0.703836013347, 0.0], [0.623190637602, -0.727454359863, 0.287129907049, 0.0], [1.8517639637, 97.6966171265, 5.6683011055, 1.0]]),
 u'LT_corner_jaw_pLoc': Matrix([[0.375646067042, 0.472473272372, -0.797282283266, 0.0], [0.413173460166, 0.684681539545, 0.600415590421, 0.0], [0.829564779948, -0.554959634838, 0.0619845107245, 0.0], [5.13777303696, 100.024658203, 1.39706194401, 1.0]]),
 u'LT_corner_lip_pLoc': Matrix([[0.862413527649, 0.0, -0.506204412592, 0.0], [0.0, 1.0, 0.0, 0.0], [0.506204412592, 0.0, 0.862413527649, 0.0], [1.98987805843, 100.024635315, 6.17357301712, 1.0]]),
 u'LT_eyeMover_pLoc': Matrix([[1.0, 0.0, 0.0, 0.0], [0.0, 1.0, 0.0, 0.0], [0.0, 0.0, 1.0, 0.0], [2.56923363942, 105.558206702, 3.9163671979, 1.0]]),
 u'LT_eyelid_inner_lower_pLoc': Matrix([[0.99608458527, 0.0, -0.0884053108527, 0.0], [0.0, 1.0, 0.0, 0.0], [0.0884053108527, 0.0, 0.99608458527, 0.0], [2.24738192558, 104.627441406, 5.99591779709, 1.0]]),
 u'LT_eyelid_inner_pLoc': Matrix([[0.999469066248, 0.0, -0.0325819829538, 0.0], [0.0, 1.0, 0.0, 0.0], [0.0325819829538, 0.0, 0.999469066248, 0.0], [1.57474899292, 104.680992126, 6.01784515381, 1.0]]),
 u'LT_eyelid_inner_upper_pLoc': Matrix([[0.999933468343, 0.0, -0.0115351153763, 0.0], [0.0, 1.0, 0.0, 0.0], [0.0115351153763, 0.0, 0.999933468343, 0.0], [1.96580898762, 105.378479004, 6.13502693176, 1.0]]),
 u'LT_eyelid_lower_pLoc': Matrix([[1.0, 0.0, 0.0, 0.0], [0.0, 1.0, 0.0, 0.0], [0.0, 0.0, 1.0, 0.0], [3.12188696861, 104.457092285, 5.91830301285, 1.0]]),
 u'LT_eyelid_outer_lower_pLoc': Matrix([[0.891806168225, 0.0, -0.452417681258, 0.0], [0.0, 1.0, 0.0, 0.0], [0.452417681258, 0.0, 0.891806168225, 0.0], [4.18018913269, 104.824783325, 5.38142108917, 1.0]]),
 u'LT_eyelid_outer_pLoc': Matrix([[0.656188248026, 0.0, -0.754597232405, 0.0], [0.0, 1.0, 0.0, 0.0], [0.754597232405, 0.0, 0.656188248026, 0.0], [4.47516107559, 105.368331909, 5.04221200943, 1.0]]),
 u'LT_eyelid_outer_upper_pLoc': Matrix([[0.857074764685, 0.0, -0.515192049376, 0.0], [0.0, 1.0, 0.0, 0.0], [0.515192049376, 0.0, 0.857074764685, 0.0], [4.207239151, 105.780822754, 5.46456623077, 1.0]]),
 u'LT_eyelid_upper_pLoc': Matrix([[1.0, 0.0, 0.0, 0.0], [0.0, 1.0, 0.0, 0.0], [0.0, 0.0, 1.0, 0.0], [3.1138920784, 106.050888062, 6.12178277969, 1.0]]),
 u'LT_in_brow_pLoc': Matrix([[0.981225645145, 0.0, -0.192863250284, 0.0], [-0.0235041176791, 0.992546151642, -0.119581325106, 0.0], [0.191425676862, 0.121869343405, 0.97391173798, 0.0], [1.35769402981, 107.199378967, 7.31017112732, 1.0]]),
 u'LT_in_cheek_pLoc': Matrix([[0.8279683822, 0.0, -0.560774783739, 0.0], [0.0, 1.0, 0.0, 0.0], [0.560774783739, 0.0, 0.8279683822, 0.0], [1.56379902363, 103.882026672, 6.35960817337, 1.0]]),
 u'LT_in_forehead_pLoc': Matrix([[0.962393984448, 0.0, -0.271657539372, 0.0], [-0.104323783663, 0.923321934062, -0.369585110959, 0.0], [0.250827364655, 0.384026829896, 0.88859947505, 0.0], [1.47740197182, 110.757675171, 6.40923213959, 1.0]]),
 u'LT_in_low_forehead_pLoc': Matrix([[0.975031463179, -3.46944695196e-18, -0.222066759809, 0.0], [-0.0521611450491, 0.972022084955, -0.22902463035, 0.0], [0.215853794869, 0.234889476903, 0.947752115736, 0.0], [1.4412599802, 108.760986328, 7.09431886673, 1.0]]),
 u'LT_in_philtrum_pLoc': Matrix([[0.790868942014, 0.0, -0.611985552572, 0.0], [0.0674104552072, 0.99391493033, 0.0871145326329, 0.0], [0.608261577848, -0.110150402937, 0.786056449403, 0.0], [0.468740999699, 101.443260193, 7.66132497787, 1.0]]),
 u'LT_low_cheek_pLoc': Matrix([[0.542670918408, 0.0, -0.839945399603, 0.0], [0.0, 1.0, 0.0, 0.0], [0.839945399603, 0.0, 0.542670918408, 0.0], [4.38857984543, 100.538475037, 4.81626319885, 1.0]]),
 u'LT_low_crease_pLoc': Matrix([[0.816373403788, 0.0, -0.577524428564, 0.0], [0.0, 1.0, 0.0, 0.0], [0.577524428564, 0.0, 0.816373403788, 0.0], [3.28218388557, 100.059242249, 5.67317199707, 1.0]]),
 u'LT_low_jaw_pLoc': Matrix([[0.532476372475, 0.253321371439, -0.807649178497, 0.0], [0.471979215144, 0.703203368179, 0.531733620766, 0.0], [0.702641112679, -0.664329214888, 0.254876756529, 0.0], [3.58729696274, 98.7813034058, 4.04393100739, 1.0]]),
 u'LT_low_temple_pLoc': Matrix([[0.247270064319, 0.225852740632, -0.942256894292, 0.0], [-0.0428967145136, 0.974053119755, 0.222216992552, 0.0], [0.967996584279, -0.0145278850482, 0.250542518109, 0.0], [6.07057380676, 105.204673767, 2.16207098961, 1.0]]),
 u'LT_lower_pinch_lip_pLoc': Matrix([[0.592465155444, 0.0, -0.805596077191, 0.0], [0.0, 1.0, 0.0, 0.0], [0.805596077191, 0.0, 0.592465155444, 0.0], [1.63872802258, 99.8630218506, 6.37968492508, 1.0]]),
 u'LT_lower_side_lip_pLoc': Matrix([[0.984696729085, 0.0, -0.174276652853, 0.0], [0.0, 1.0, 0.0, 0.0], [0.174276652853, 0.0, 0.984696729085, 0.0], [0.70241600275, 99.4784240723, 7.41782093048, 1.0]]),
 u'LT_lower_sneer_lip_pLoc': Matrix([[0.748830143293, 0.0, -0.662761960659, 0.0], [0.0, 1.0, 0.0, 0.0], [0.662761960659, 0.0, 0.748830143293, 0.0], [1.19749605656, 99.6731643677, 6.97964382172, 1.0]]),
 u'LT_mid_brow_pLoc': Matrix([[0.885098969217, -1.73472347598e-18, -0.465402852044, 0.0], [-0.0243573032999, 0.998629534755, -0.0463225009236, 0.0], [0.46476503361, 0.0523359562429, 0.883885971841, 0.0], [3.44490098953, 107.182067871, 6.73675298691, 1.0]]),
 u'LT_mid_chin_pLoc': Matrix([[0.817959724581, 0.0, -0.575275489625, 0.0], [0.0373612663286, 0.997888845039, 0.0531223938222, 0.0], [0.574060993921, -0.0649449994001, 0.816232884851, 0.0], [1.91652905941, 99.1730957031, 6.20080518723, 1.0]]),
 u'LT_mid_crease_pLoc': Matrix([[0.934403185465, 0.0, -0.35621719076, 0.0], [0.0, 1.0, 0.0, 0.0], [0.35621719076, 0.0, 0.934403185465, 0.0], [2.800563097, 101.644966125, 6.29350280762, 1.0]]),
 u'LT_neck_pLoc': Matrix([[0.420330028753, -2.77555756156e-17, -0.907371294966, 0.0], [0.434560609355, 0.877857137685, 0.201305545413, 0.0], [0.796542367816, -0.478922588543, 0.368989715924, 0.0], [3.19060707092, 98.0498657227, 1.17705202103, 1.0]]),
 u'LT_nostril_pLoc': Matrix([[1.0, 0.0, 0.0, 0.0], [0.0, 1.0, 0.0, 0.0], [0.0, 0.0, 1.0, 0.0], [1.07066905499, 102.446380615, 7.46099376678, 1.0]]),
 u'LT_out_brow_pLoc': Matrix([[0.598959004552, 0.0, -0.800779689344, 0.0], [0.0, 1.0, 0.0, 0.0], [0.800779689344, 0.0, 0.598959004552, 0.0], [5.01411390305, 107.131996155, 5.35678911209, 1.0]]),
 u'LT_out_cheek_pLoc': Matrix([[0.1807681218, 0.177691134602, -0.967341070577, 0.0], [-0.0369876343435, 0.984076682151, 0.173853382341, 0.0], [0.982829996005, 0.00435250840966, 0.184462068253, 0.0], [6.26547384262, 103.4246521, 1.27771401405, 1.0]]),
 u'LT_out_forehead_pLoc': Matrix([[0.629812012532, -1.38777878078e-17, -0.77674759663, 0.0], [-0.242066030349, 0.950200074689, -0.196274947488, 0.0], [0.738065624333, 0.311640526987, 0.598447421348, 0.0], [5.27077293396, 110.74710083, 4.03224515915, 1.0]]),
 u'LT_out_low_forehead_pLoc': Matrix([[0.600577127989, -6.93889390391e-18, -0.799566828562, 0.0], [-0.111703198566, 0.990193219854, -0.0839034134305, 0.0], [0.791725652462, 0.139704643284, 0.594687400134, 0.0], [5.21662712097, 109.005348206, 4.66666316986, 1.0]]),
 u'LT_philtrum_pLoc': Matrix([[0.596459519846, 0.0, -0.802643159309, 0.0], [0.0489597357046, 0.998137880024, 0.0363829182514, 0.0], [0.801148541448, -0.0609981348957, 0.595348840659, 0.0], [1.00745499134, 101.695419312, 7.10403299332, 1.0]]),
 u'LT_sneer_pLoc': Matrix([[0.819638047148, 0.0, -0.572881725724, 0.0], [0.0, 1.0, 0.0, 0.0], [0.572881725724, 0.0, 0.819638047148, 0.0], [1.94455301762, 100.822105408, 6.55666685104, 1.0]]),
 u'LT_squint_pLoc': Matrix([[0.419862778972, 1.38777878078e-17, -0.907587597334, 0.0], [0.156760299366, 0.984970622953, 0.0725195178048, 0.0], [0.89394712113, -0.172721949734, 0.413552502959, 0.0], [5.21252822876, 104.013336182, 4.32800722122, 1.0]]),
 u'LT_temple_pLoc': Matrix([[0.273600717033, 0.0, -0.961843359201, 0.0], [0.0994911027282, 0.994635908789, 0.0283006965578, 0.0], [0.956683943692, -0.103437947329, 0.272133097832, 0.0], [6.10912322998, 106.999107361, 2.82070493698, 1.0]]),
 u'LT_up_cheek_pLoc': Matrix([[0.914538887187, 0.0, -0.404497989887, 0.0], [0.0, 1.0, 0.0, 0.0], [0.404497989887, 0.0, 0.914538887187, 0.0], [3.10294294357, 103.069068909, 6.06147003174, 1.0]]),
 u'LT_up_crease_pLoc': Matrix([[0.801262663616, 0.0, -0.598312747562, 0.0], [0.0, 1.0, 0.0, 0.0], [0.598312747562, 0.0, 0.801262663616, 0.0], [1.15768003464, 103.071723938, 6.86104297638, 1.0]]),
 u'LT_up_jaw_pLoc': Matrix([[0.167320481847, 1.38777878078e-17, -0.98590255926, 0.0], [0.184404367014, 0.982352075974, 0.0312958184901, 0.0], [0.968503425797, -0.187041168807, 0.164367622695, 0.0], [5.9840130806, 101.704811096, 0.893296003342, 1.0]]),
 u'LT_upper_pinch_lip_pLoc': Matrix([[0.580660515684, 0.0, -0.814145788865, 0.0], [0.0, 1.0, 0.0, 0.0], [0.814145788865, 0.0, 0.580660515684, 0.0], [1.76205694675, 100.120399475, 6.52648687363, 1.0]]),
 u'LT_upper_side_lip_pLoc': Matrix([[0.966018579159, 0.0, -0.258472638242, 0.0], [0.0, 1.0, 0.0, 0.0], [0.258472638242, 0.0, 0.966018579159, 0.0], [0.635460019112, 100.64705658, 7.73253011703, 1.0]]),
 u'LT_upper_sneer_lip_pLoc': Matrix([[0.767016095125, 0.0, -0.641627859291, 0.0], [0.0, 1.0, 0.0, 0.0], [0.641627859291, 0.0, 0.767016095125, 0.0], [1.2959549427, 100.417915344, 7.18000984192, 1.0]]),
 u'RT_cheek_pLoc': Matrix([[0.801430635748, -6.93889390391e-18, 0.598087732765, 0.0], [-0.0625171916052, 0.994521895368, 0.0837723127704, 0.0], [-0.594811345586, -0.104528463268, 0.797040314871, 0.0], [-4.36943101883, 103.285072327, 5.38346290588, 1.0]]),
 u'RT_chin_pLoc': Matrix([[0.684723190896, -0.330125535297, 0.649747091409, 0.0], [-0.377872440189, 0.601520810332, 0.703836013347, 0.0], [-0.623190637602, -0.727454359863, 0.287129907049, 0.0], [-1.8517639637, 97.6966171265, 5.6683011055, 1.0]]),
 u'RT_corner_jaw_pLoc': Matrix([[0.375646067042, -0.472473272372, 0.797282283266, 0.0], [-0.413173460166, 0.684681539545, 0.600415590421, 0.0], [-0.829564779948, -0.554959634838, 0.0619845107245, 0.0], [-5.13777303696, 100.024658203, 1.39706194401, 1.0]]),
 u'RT_corner_lip_pLoc': Matrix([[0.862413527649, 0.0, 0.506204412592, 0.0], [0.0, 1.0, 0.0, 0.0], [-0.506204412592, 0.0, 0.862413527649, 0.0], [-1.98987805843, 100.024635315, 6.17357301712, 1.0]]),
 u'RT_eyeMover_pLoc': Matrix([[1.0, 0.0, 0.0, 0.0], [0.0, 1.0, 0.0, 0.0], [0.0, 0.0, 1.0, 0.0], [-2.56923363942, 105.558206702, 3.9163671979, 1.0]]),
 u'RT_eyelid_inner_lower_pLoc': Matrix([[0.99608458527, 0.0, 0.0884053108527, 0.0], [0.0, 1.0, 0.0, 0.0], [-0.0884053108527, 0.0, 0.99608458527, 0.0], [-2.24738192558, 104.627441406, 5.99591779709, 1.0]]),
 u'RT_eyelid_inner_pLoc': Matrix([[0.999469066248, 0.0, 0.0325819829538, 0.0], [0.0, 1.0, 0.0, 0.0], [-0.0325819829538, 0.0, 0.999469066248, 0.0], [-1.57474899292, 104.680992126, 6.01784515381, 1.0]]),
 u'RT_eyelid_inner_upper_pLoc': Matrix([[0.999933468343, 0.0, 0.0115351153763, 0.0], [0.0, 1.0, 0.0, 0.0], [-0.0115351153763, 0.0, 0.999933468343, 0.0], [-1.96580898762, 105.378479004, 6.13502693176, 1.0]]),
 u'RT_eyelid_lower_pLoc': Matrix([[1.0, 0.0, 0.0, 0.0], [0.0, 1.0, 0.0, 0.0], [0.0, 0.0, 1.0, 0.0], [-3.12188696861, 104.457092285, 5.91830301285, 1.0]]),
 u'RT_eyelid_outer_lower_pLoc': Matrix([[0.891806168225, 0.0, 0.452417681258, 0.0], [0.0, 1.0, 0.0, 0.0], [-0.452417681258, 0.0, 0.891806168225, 0.0], [-4.18018913269, 104.824783325, 5.38142108917, 1.0]]),
 u'RT_eyelid_outer_pLoc': Matrix([[0.656188248026, 0.0, 0.754597232405, 0.0], [0.0, 1.0, 0.0, 0.0], [-0.754597232405, 0.0, 0.656188248026, 0.0], [-4.47516107559, 105.368331909, 5.04221200943, 1.0]]),
 u'RT_eyelid_outer_upper_pLoc': Matrix([[0.857074764685, 0.0, 0.515192049376, 0.0], [0.0, 1.0, 0.0, 0.0], [-0.515192049376, 0.0, 0.857074764685, 0.0], [-4.207239151, 105.780822754, 5.46456623077, 1.0]]),
 u'RT_eyelid_upper_pLoc': Matrix([[1.0, 0.0, 0.0, 0.0], [0.0, 1.0, 0.0, 0.0], [0.0, 0.0, 1.0, 0.0], [-3.1138920784, 106.050888062, 6.12178277969, 1.0]]),
 u'RT_in_brow_pLoc': Matrix([[0.981225645145, 1.73472347598e-18, 0.192863250284, 0.0], [0.0235041176791, 0.992546151642, -0.119581325106, 0.0], [-0.191425676862, 0.121869343405, 0.97391173798, 0.0], [-1.35769402981, 107.199378967, 7.31017112732, 1.0]]),
 u'RT_in_cheek_pLoc': Matrix([[0.8279683822, 0.0, 0.560774783739, 0.0], [0.0, 1.0, 0.0, 0.0], [-0.560774783739, 0.0, 0.8279683822, 0.0], [-1.56379902363, 103.882026672, 6.35960817337, 1.0]]),
 u'RT_in_forehead_pLoc': Matrix([[0.962393984448, 6.9388939039e-18, 0.271657539372, 0.0], [0.104323783663, 0.923321934062, -0.369585110959, 0.0], [-0.250827364655, 0.384026829896, 0.88859947505, 0.0], [-1.47740197182, 110.757675171, 6.40923213959, 1.0]]),
 u'RT_in_low_forehead_pLoc': Matrix([[0.975031463179, 3.46944695196e-18, 0.222066759809, 0.0], [0.0521611450491, 0.972022084955, -0.22902463035, 0.0], [-0.215853794869, 0.234889476903, 0.947752115736, 0.0], [-1.4412599802, 108.760986328, 7.09431886673, 1.0]]),
 u'RT_in_philtrum_pLoc': Matrix([[0.790868942014, 0.0, 0.611985552572, 0.0], [-0.0674104552072, 0.99391493033, 0.0871145326329, 0.0], [-0.608261577848, -0.110150402937, 0.786056449403, 0.0], [-0.468740999699, 101.443260193, 7.66132497787, 1.0]]),
 u'RT_low_cheek_pLoc': Matrix([[0.542670918408, 0.0, 0.839945399603, 0.0], [0.0, 1.0, 0.0, 0.0], [-0.839945399603, 0.0, 0.542670918408, 0.0], [-4.38857984543, 100.538475037, 4.81626319885, 1.0]]),
 u'RT_low_crease_pLoc': Matrix([[0.816373403788, 0.0, 0.577524428564, 0.0], [0.0, 1.0, 0.0, 0.0], [-0.577524428564, 0.0, 0.816373403788, 0.0], [-3.28218388557, 100.059242249, 5.67317199707, 1.0]]),
 u'RT_low_jaw_pLoc': Matrix([[0.532476372475, -0.253321371439, 0.807649178497, 0.0], [-0.471979215144, 0.703203368179, 0.531733620766, 0.0], [-0.702641112679, -0.664329214888, 0.254876756529, 0.0], [-3.58729696274, 98.7813034058, 4.04393100739, 1.0]]),
 u'RT_low_temple_pLoc': Matrix([[0.247270064319, -0.225852740632, 0.942256894292, 0.0], [0.0428967145136, 0.974053119755, 0.222216992552, 0.0], [-0.967996584279, -0.0145278850482, 0.250542518109, 0.0], [-6.07057380676, 105.204673767, 2.16207098961, 1.0]]),
 u'RT_lower_pinch_lip_pLoc': Matrix([[0.592465155444, 0.0, 0.805596077191, 0.0], [0.0, 1.0, 0.0, 0.0], [-0.805596077191, 0.0, 0.592465155444, 0.0], [-1.63872802258, 99.8630218506, 6.37968492508, 1.0]]),
 u'RT_lower_side_lip_pLoc': Matrix([[0.984696729085, 0.0, 0.174276652853, 0.0], [0.0, 1.0, 0.0, 0.0], [-0.174276652853, 0.0, 0.984696729085, 0.0], [-0.70241600275, 99.4784240723, 7.41782093048, 1.0]]),
 u'RT_lower_sneer_lip_pLoc': Matrix([[0.748830143293, 0.0, 0.662761960659, 0.0], [0.0, 1.0, 0.0, 0.0], [-0.662761960659, 0.0, 0.748830143293, 0.0], [-1.19749605656, 99.6731643677, 6.97964382172, 1.0]]),
 u'RT_mid_brow_pLoc': Matrix([[0.885098969217, 1.73472347598e-18, 0.465402852044, 0.0], [0.0243573032999, 0.998629534755, -0.0463225009236, 0.0], [-0.46476503361, 0.0523359562429, 0.883885971841, 0.0], [-3.44490098953, 107.182067871, 6.73675298691, 1.0]]),
 u'RT_mid_chin_pLoc': Matrix([[0.817959724581, 0.0, 0.575275489625, 0.0], [-0.0373612663286, 0.997888845039, 0.0531223938222, 0.0], [-0.574060993921, -0.0649449994001, 0.816232884851, 0.0], [-1.91652905941, 99.1730957031, 6.20080518723, 1.0]]),
 u'RT_mid_crease_pLoc': Matrix([[0.934403185465, 0.0, 0.35621719076, 0.0], [0.0, 1.0, 0.0, 0.0], [-0.35621719076, 0.0, 0.934403185465, 0.0], [-2.800563097, 101.644966125, 6.29350280762, 1.0]]),
 u'RT_neck_pLoc': Matrix([[0.420330028753, 0.0, 0.907371294966, 0.0], [-0.434560609355, 0.877857137685, 0.201305545413, 0.0], [-0.796542367816, -0.478922588543, 0.368989715924, 0.0], [-3.19060707092, 98.0498657227, 1.17705202103, 1.0]]),
 u'RT_nostril_pLoc': Matrix([[1.0, 0.0, 0.0, 0.0], [0.0, 1.0, 0.0, 0.0], [0.0, 0.0, 1.0, 0.0], [-1.07066905499, 102.446380615, 7.46099376678, 1.0]]),
 u'RT_out_brow_pLoc': Matrix([[0.598959004552, 0.0, 0.800779689344, 0.0], [0.0, 1.0, 0.0, 0.0], [-0.800779689344, 0.0, 0.598959004552, 0.0], [-5.01411390305, 107.131996155, 5.35678911209, 1.0]]),
 u'RT_out_cheek_pLoc': Matrix([[0.1807681218, -0.177691134602, 0.967341070577, 0.0], [0.0369876343435, 0.984076682151, 0.173853382341, 0.0], [-0.982829996005, 0.00435250840966, 0.184462068253, 0.0], [-6.26547384262, 103.4246521, 1.27771401405, 1.0]]),
 u'RT_out_forehead_pLoc': Matrix([[0.629812012532, 2.77555756156e-17, 0.77674759663, 0.0], [0.242066030349, 0.950200074689, -0.196274947488, 0.0], [-0.738065624333, 0.311640526987, 0.598447421348, 0.0], [-5.27077293396, 110.74710083, 4.03224515915, 1.0]]),
 u'RT_out_low_forehead_pLoc': Matrix([[0.600577127989, 6.93889390391e-18, 0.799566828562, 0.0], [0.111703198566, 0.990193219854, -0.0839034134305, 0.0], [-0.791725652462, 0.139704643284, 0.594687400134, 0.0], [-5.21662712097, 109.005348206, 4.66666316986, 1.0]]),
 u'RT_philtrum_pLoc': Matrix([[0.596459519846, 0.0, 0.802643159309, 0.0], [-0.0489597357046, 0.998137880024, 0.0363829182514, 0.0], [-0.801148541448, -0.0609981348957, 0.595348840659, 0.0], [-1.00745499134, 101.695419312, 7.10403299332, 1.0]]),
 u'RT_sneer_pLoc': Matrix([[0.819638047148, 0.0, 0.572881725724, 0.0], [0.0, 1.0, 0.0, 0.0], [-0.572881725724, 0.0, 0.819638047148, 0.0], [-1.94455301762, 100.822105408, 6.55666685104, 1.0]]),
 u'RT_squint_pLoc': Matrix([[0.419862778972, 1.38777878078e-17, 0.907587597334, 0.0], [-0.156760299366, 0.984970622953, 0.0725195178048, 0.0], [-0.89394712113, -0.172721949734, 0.413552502959, 0.0], [-5.21252822876, 104.013336182, 4.32800722122, 1.0]]),
 u'RT_temple_pLoc': Matrix([[0.273600717033, 6.93889390391e-18, 0.961843359201, 0.0], [-0.0994911027282, 0.994635908789, 0.0283006965578, 0.0], [-0.956683943692, -0.103437947329, 0.272133097832, 0.0], [-6.10912322998, 106.999107361, 2.82070493698, 1.0]]),
 u'RT_up_cheek_pLoc': Matrix([[0.914538887187, 0.0, 0.404497989887, 0.0], [0.0, 1.0, 0.0, 0.0], [-0.404497989887, 0.0, 0.914538887187, 0.0], [-3.10294294357, 103.069068909, 6.06147003174, 1.0]]),
 u'RT_up_crease_pLoc': Matrix([[0.801262663616, 0.0, 0.598312747562, 0.0], [0.0, 1.0, 0.0, 0.0], [-0.598312747562, 0.0, 0.801262663616, 0.0], [-1.15768003464, 103.071723938, 6.86104297638, 1.0]]),
 u'RT_up_jaw_pLoc': Matrix([[0.167320481847, -1.38777878078e-17, 0.98590255926, 0.0], [-0.184404367014, 0.982352075974, 0.0312958184901, 0.0], [-0.968503425797, -0.187041168807, 0.164367622695, 0.0], [-5.9840130806, 101.704811096, 0.893296003342, 1.0]]),
 u'RT_upper_pinch_lip_pLoc': Matrix([[0.580660515684, 0.0, 0.814145788865, 0.0], [0.0, 1.0, 0.0, 0.0], [-0.814145788865, 0.0, 0.580660515684, 0.0], [-1.76205694675, 100.120399475, 6.52648687363, 1.0]]),
 u'RT_upper_side_lip_pLoc': Matrix([[0.966018579159, 0.0, 0.258472638242, 0.0], [0.0, 1.0, 0.0, 0.0], [-0.258472638242, 0.0, 0.966018579159, 0.0], [-0.635460019112, 100.64705658, 7.73253011703, 1.0]]),
 u'RT_upper_sneer_lip_pLoc': Matrix([[0.767016095125, 0.0, 0.641627859291, 0.0], [0.0, 1.0, 0.0, 0.0], [-0.641627859291, 0.0, 0.767016095125, 0.0], [-1.2959549427, 100.417915344, 7.18000984192, 1.0]])} # 


# priCtlBndWeights can be set in the scene,
# then saved out using modules.bndGrp.getPriBndWeightsDict
priCtlBndWeights = {u'CT_brow_bnd.LT_mid_brow_pri_ctrl_weight_rx': 0.0,
 u'CT_brow_bnd.LT_mid_brow_pri_ctrl_weight_ry': 0.0,
 u'CT_brow_bnd.LT_mid_brow_pri_ctrl_weight_rz': 0.0,
 u'CT_brow_bnd.LT_mid_brow_pri_ctrl_weight_sx': 0.0,
 u'CT_brow_bnd.LT_mid_brow_pri_ctrl_weight_sy': 0.0,
 u'CT_brow_bnd.LT_mid_brow_pri_ctrl_weight_sz': 0.0,
 u'CT_brow_bnd.LT_mid_brow_pri_ctrl_weight_tx': 0.0,
 u'CT_brow_bnd.LT_mid_brow_pri_ctrl_weight_ty': 0.5,
 u'CT_brow_bnd.LT_mid_brow_pri_ctrl_weight_tz': 0.0,
 u'CT_brow_bnd.RT_mid_brow_pri_ctrl_weight_rx': 0.0,
 u'CT_brow_bnd.RT_mid_brow_pri_ctrl_weight_ry': 0.0,
 u'CT_brow_bnd.RT_mid_brow_pri_ctrl_weight_rz': 0.0,
 u'CT_brow_bnd.RT_mid_brow_pri_ctrl_weight_sx': 0.0,
 u'CT_brow_bnd.RT_mid_brow_pri_ctrl_weight_sy': 0.0,
 u'CT_brow_bnd.RT_mid_brow_pri_ctrl_weight_sz': 0.0,
 u'CT_brow_bnd.RT_mid_brow_pri_ctrl_weight_tx': 0.0,
 u'CT_brow_bnd.RT_mid_brow_pri_ctrl_weight_ty': 0.5,
 u'CT_brow_bnd.RT_mid_brow_pri_ctrl_weight_tz': 0.0,
 u'CT_chin_bnd.CT_jaw_pri_ctrl_weight_rx': 1.0,
 u'CT_chin_bnd.CT_jaw_pri_ctrl_weight_ry': 1.0,
 u'CT_chin_bnd.CT_jaw_pri_ctrl_weight_rz': 1.0,
 u'CT_chin_bnd.CT_jaw_pri_ctrl_weight_sx': 1.0,
 u'CT_chin_bnd.CT_jaw_pri_ctrl_weight_sy': 1.0,
 u'CT_chin_bnd.CT_jaw_pri_ctrl_weight_sz': 1.0,
 u'CT_chin_bnd.CT_jaw_pri_ctrl_weight_tx': 1.0,
 u'CT_chin_bnd.CT_jaw_pri_ctrl_weight_ty': 1.0,
 u'CT_chin_bnd.CT_jaw_pri_ctrl_weight_tz': 1.0,
 u'CT_lower_lip_bnd.CT_jaw_pri_ctrl_weight_rx': 1.0,
 u'CT_lower_lip_bnd.CT_jaw_pri_ctrl_weight_ry': 1.0,
 u'CT_lower_lip_bnd.CT_jaw_pri_ctrl_weight_rz': 1.0,
 u'CT_lower_lip_bnd.CT_jaw_pri_ctrl_weight_sx': 1.0,
 u'CT_lower_lip_bnd.CT_jaw_pri_ctrl_weight_sy': 1.0,
 u'CT_lower_lip_bnd.CT_jaw_pri_ctrl_weight_sz': 1.0,
 u'CT_lower_lip_bnd.CT_jaw_pri_ctrl_weight_tx': 1.0,
 u'CT_lower_lip_bnd.CT_jaw_pri_ctrl_weight_ty': 1.0,
 u'CT_lower_lip_bnd.CT_jaw_pri_ctrl_weight_tz': 1.0,
 u'CT_lower_lip_bnd.CT_mouthMover_pri_ctrl_weight_rx': 1.0,
 u'CT_lower_lip_bnd.CT_mouthMover_pri_ctrl_weight_ry': 1.0,
 u'CT_lower_lip_bnd.CT_mouthMover_pri_ctrl_weight_rz': 1.0,
 u'CT_lower_lip_bnd.CT_mouthMover_pri_ctrl_weight_sx': 1.0,
 u'CT_lower_lip_bnd.CT_mouthMover_pri_ctrl_weight_sy': 1.0,
 u'CT_lower_lip_bnd.CT_mouthMover_pri_ctrl_weight_sz': 1.0,
 u'CT_lower_lip_bnd.CT_mouthMover_pri_ctrl_weight_tx': 1.0,
 u'CT_lower_lip_bnd.CT_mouthMover_pri_ctrl_weight_ty': 1.0,
 u'CT_lower_lip_bnd.CT_mouthMover_pri_ctrl_weight_tz': 1.0,
 u'CT_lower_lip_bnd.LT_corner_lip_pri_ctrl_weight_rx': 0.1,
 u'CT_lower_lip_bnd.LT_corner_lip_pri_ctrl_weight_ry': 0.1,
 u'CT_lower_lip_bnd.LT_corner_lip_pri_ctrl_weight_rz': 0.1,
 u'CT_lower_lip_bnd.LT_corner_lip_pri_ctrl_weight_sx': 0.1,
 u'CT_lower_lip_bnd.LT_corner_lip_pri_ctrl_weight_sy': 0.1,
 u'CT_lower_lip_bnd.LT_corner_lip_pri_ctrl_weight_sz': 0.1,
 u'CT_lower_lip_bnd.LT_corner_lip_pri_ctrl_weight_tx': 0.1,
 u'CT_lower_lip_bnd.LT_corner_lip_pri_ctrl_weight_ty': 0.05,
 u'CT_lower_lip_bnd.LT_corner_lip_pri_ctrl_weight_tz': 0.1,
 u'CT_lower_lip_bnd.LT_lower_sneer_lip_pri_ctrl_weight_rx': 0.5,
 u'CT_lower_lip_bnd.LT_lower_sneer_lip_pri_ctrl_weight_ry': 0.5,
 u'CT_lower_lip_bnd.LT_lower_sneer_lip_pri_ctrl_weight_rz': 0.5,
 u'CT_lower_lip_bnd.LT_lower_sneer_lip_pri_ctrl_weight_sx': 0.5,
 u'CT_lower_lip_bnd.LT_lower_sneer_lip_pri_ctrl_weight_sy': 0.5,
 u'CT_lower_lip_bnd.LT_lower_sneer_lip_pri_ctrl_weight_sz': 0.5,
 u'CT_lower_lip_bnd.LT_lower_sneer_lip_pri_ctrl_weight_tx': 0.5,
 u'CT_lower_lip_bnd.LT_lower_sneer_lip_pri_ctrl_weight_ty': 0.5,
 u'CT_lower_lip_bnd.LT_lower_sneer_lip_pri_ctrl_weight_tz': 0.5,
 u'CT_lower_lip_bnd.RT_corner_lip_pri_ctrl_weight_rx': 0.1,
 u'CT_lower_lip_bnd.RT_corner_lip_pri_ctrl_weight_ry': 0.1,
 u'CT_lower_lip_bnd.RT_corner_lip_pri_ctrl_weight_rz': 0.1,
 u'CT_lower_lip_bnd.RT_corner_lip_pri_ctrl_weight_sx': 0.1,
 u'CT_lower_lip_bnd.RT_corner_lip_pri_ctrl_weight_sy': 0.1,
 u'CT_lower_lip_bnd.RT_corner_lip_pri_ctrl_weight_sz': 0.1,
 u'CT_lower_lip_bnd.RT_corner_lip_pri_ctrl_weight_tx': 0.1,
 u'CT_lower_lip_bnd.RT_corner_lip_pri_ctrl_weight_ty': 0.05,
 u'CT_lower_lip_bnd.RT_corner_lip_pri_ctrl_weight_tz': 0.1,
 u'CT_lower_lip_bnd.RT_lower_sneer_lip_pri_ctrl_weight_rx': 0.5,
 u'CT_lower_lip_bnd.RT_lower_sneer_lip_pri_ctrl_weight_ry': 0.5,
 u'CT_lower_lip_bnd.RT_lower_sneer_lip_pri_ctrl_weight_rz': 0.5,
 u'CT_lower_lip_bnd.RT_lower_sneer_lip_pri_ctrl_weight_sx': 0.5,
 u'CT_lower_lip_bnd.RT_lower_sneer_lip_pri_ctrl_weight_sy': 0.5,
 u'CT_lower_lip_bnd.RT_lower_sneer_lip_pri_ctrl_weight_sz': 0.5,
 u'CT_lower_lip_bnd.RT_lower_sneer_lip_pri_ctrl_weight_tx': 0.5,
 u'CT_lower_lip_bnd.RT_lower_sneer_lip_pri_ctrl_weight_ty': 0.5,
 u'CT_lower_lip_bnd.RT_lower_sneer_lip_pri_ctrl_weight_tz': 0.5,
 u'CT_mid_chin_bnd.CT_jaw_pri_ctrl_weight_rx': 1.0,
 u'CT_mid_chin_bnd.CT_jaw_pri_ctrl_weight_ry': 1.0,
 u'CT_mid_chin_bnd.CT_jaw_pri_ctrl_weight_rz': 1.0,
 u'CT_mid_chin_bnd.CT_jaw_pri_ctrl_weight_sx': 1.0,
 u'CT_mid_chin_bnd.CT_jaw_pri_ctrl_weight_sy': 1.0,
 u'CT_mid_chin_bnd.CT_jaw_pri_ctrl_weight_sz': 1.0,
 u'CT_mid_chin_bnd.CT_jaw_pri_ctrl_weight_tx': 1.0,
 u'CT_mid_chin_bnd.CT_jaw_pri_ctrl_weight_ty': 1.0,
 u'CT_mid_chin_bnd.CT_jaw_pri_ctrl_weight_tz': 1.0,
 u'CT_mid_chin_bnd.CT_mouthMover_pri_ctrl_weight_rx': 0.35,
 u'CT_mid_chin_bnd.CT_mouthMover_pri_ctrl_weight_ry': 0.35,
 u'CT_mid_chin_bnd.CT_mouthMover_pri_ctrl_weight_rz': 0.35,
 u'CT_mid_chin_bnd.CT_mouthMover_pri_ctrl_weight_sx': 0.35,
 u'CT_mid_chin_bnd.CT_mouthMover_pri_ctrl_weight_sy': 0.35,
 u'CT_mid_chin_bnd.CT_mouthMover_pri_ctrl_weight_sz': 0.35,
 u'CT_mid_chin_bnd.CT_mouthMover_pri_ctrl_weight_tx': 0.35,
 u'CT_mid_chin_bnd.CT_mouthMover_pri_ctrl_weight_ty': 0.35,
 u'CT_mid_chin_bnd.CT_mouthMover_pri_ctrl_weight_tz': 0.35,
 u'CT_mid_chin_bnd.LT_corner_lip_pri_ctrl_weight_rx': 0.1,
 u'CT_mid_chin_bnd.LT_corner_lip_pri_ctrl_weight_ry': 0.1,
 u'CT_mid_chin_bnd.LT_corner_lip_pri_ctrl_weight_rz': 0.1,
 u'CT_mid_chin_bnd.LT_corner_lip_pri_ctrl_weight_sx': 0.1,
 u'CT_mid_chin_bnd.LT_corner_lip_pri_ctrl_weight_sy': 0.1,
 u'CT_mid_chin_bnd.LT_corner_lip_pri_ctrl_weight_sz': 0.1,
 u'CT_mid_chin_bnd.LT_corner_lip_pri_ctrl_weight_tx': 0.1,
 u'CT_mid_chin_bnd.LT_corner_lip_pri_ctrl_weight_ty': 0.1,
 u'CT_mid_chin_bnd.LT_corner_lip_pri_ctrl_weight_tz': 0.1,
 u'CT_mid_chin_bnd.LT_lower_sneer_lip_pri_ctrl_weight_rx': 0.3,
 u'CT_mid_chin_bnd.LT_lower_sneer_lip_pri_ctrl_weight_ry': 0.3,
 u'CT_mid_chin_bnd.LT_lower_sneer_lip_pri_ctrl_weight_rz': 0.3,
 u'CT_mid_chin_bnd.LT_lower_sneer_lip_pri_ctrl_weight_sx': 0.3,
 u'CT_mid_chin_bnd.LT_lower_sneer_lip_pri_ctrl_weight_sy': 0.3,
 u'CT_mid_chin_bnd.LT_lower_sneer_lip_pri_ctrl_weight_sz': 0.3,
 u'CT_mid_chin_bnd.LT_lower_sneer_lip_pri_ctrl_weight_tx': 0.3,
 u'CT_mid_chin_bnd.LT_lower_sneer_lip_pri_ctrl_weight_ty': 0.3,
 u'CT_mid_chin_bnd.LT_lower_sneer_lip_pri_ctrl_weight_tz': 0.3,
 u'CT_mid_chin_bnd.RT_corner_lip_pri_ctrl_weight_rx': 0.1,
 u'CT_mid_chin_bnd.RT_corner_lip_pri_ctrl_weight_ry': 0.1,
 u'CT_mid_chin_bnd.RT_corner_lip_pri_ctrl_weight_rz': 0.1,
 u'CT_mid_chin_bnd.RT_corner_lip_pri_ctrl_weight_sx': 0.1,
 u'CT_mid_chin_bnd.RT_corner_lip_pri_ctrl_weight_sy': 0.1,
 u'CT_mid_chin_bnd.RT_corner_lip_pri_ctrl_weight_sz': 0.1,
 u'CT_mid_chin_bnd.RT_corner_lip_pri_ctrl_weight_tx': 0.1,
 u'CT_mid_chin_bnd.RT_corner_lip_pri_ctrl_weight_ty': 0.1,
 u'CT_mid_chin_bnd.RT_corner_lip_pri_ctrl_weight_tz': 0.1,
 u'CT_mid_chin_bnd.RT_lower_sneer_lip_pri_ctrl_weight_rx': 0.3,
 u'CT_mid_chin_bnd.RT_lower_sneer_lip_pri_ctrl_weight_ry': 0.3,
 u'CT_mid_chin_bnd.RT_lower_sneer_lip_pri_ctrl_weight_rz': 0.3,
 u'CT_mid_chin_bnd.RT_lower_sneer_lip_pri_ctrl_weight_sx': 0.3,
 u'CT_mid_chin_bnd.RT_lower_sneer_lip_pri_ctrl_weight_sy': 0.3,
 u'CT_mid_chin_bnd.RT_lower_sneer_lip_pri_ctrl_weight_sz': 0.3,
 u'CT_mid_chin_bnd.RT_lower_sneer_lip_pri_ctrl_weight_tx': 0.3,
 u'CT_mid_chin_bnd.RT_lower_sneer_lip_pri_ctrl_weight_ty': 0.3,
 u'CT_mid_chin_bnd.RT_lower_sneer_lip_pri_ctrl_weight_tz': 0.3,
 u'CT_neck_bnd.CT_jaw_pri_ctrl_weight_rx': 1.0,
 u'CT_neck_bnd.CT_jaw_pri_ctrl_weight_ry': 1.0,
 u'CT_neck_bnd.CT_jaw_pri_ctrl_weight_rz': 1.0,
 u'CT_neck_bnd.CT_jaw_pri_ctrl_weight_sx': 1.0,
 u'CT_neck_bnd.CT_jaw_pri_ctrl_weight_sy': 1.0,
 u'CT_neck_bnd.CT_jaw_pri_ctrl_weight_sz': 1.0,
 u'CT_neck_bnd.CT_jaw_pri_ctrl_weight_tx': 1.0,
 u'CT_neck_bnd.CT_jaw_pri_ctrl_weight_ty': 1.0,
 u'CT_neck_bnd.CT_jaw_pri_ctrl_weight_tz': 1.0,
 u'CT_noseTip_bnd.CT_noseMover_pri_ctrl_weight_rx': 1.0,
 u'CT_noseTip_bnd.CT_noseMover_pri_ctrl_weight_ry': 1.0,
 u'CT_noseTip_bnd.CT_noseMover_pri_ctrl_weight_rz': 1.0,
 u'CT_noseTip_bnd.CT_noseMover_pri_ctrl_weight_sx': 1.0,
 u'CT_noseTip_bnd.CT_noseMover_pri_ctrl_weight_sy': 1.0,
 u'CT_noseTip_bnd.CT_noseMover_pri_ctrl_weight_sz': 1.0,
 u'CT_noseTip_bnd.CT_noseMover_pri_ctrl_weight_tx': 1.0,
 u'CT_noseTip_bnd.CT_noseMover_pri_ctrl_weight_ty': 1.0,
 u'CT_noseTip_bnd.CT_noseMover_pri_ctrl_weight_tz': 1.0,
 u'CT_noseTip_bnd.CT_noseTip_pri_ctrl_weight_rx': 1.0,
 u'CT_noseTip_bnd.CT_noseTip_pri_ctrl_weight_ry': 1.0,
 u'CT_noseTip_bnd.CT_noseTip_pri_ctrl_weight_rz': 1.0,
 u'CT_noseTip_bnd.CT_noseTip_pri_ctrl_weight_sx': 1.0,
 u'CT_noseTip_bnd.CT_noseTip_pri_ctrl_weight_sy': 1.0,
 u'CT_noseTip_bnd.CT_noseTip_pri_ctrl_weight_sz': 1.0,
 u'CT_noseTip_bnd.CT_noseTip_pri_ctrl_weight_tx': 1.0,
 u'CT_noseTip_bnd.CT_noseTip_pri_ctrl_weight_ty': 1.0,
 u'CT_noseTip_bnd.CT_noseTip_pri_ctrl_weight_tz': 1.0,
 u'CT_upper_lip_bnd.CT_jaw_pri_ctrl_weight_rx': 0.0,
 u'CT_upper_lip_bnd.CT_jaw_pri_ctrl_weight_ry': 0.0,
 u'CT_upper_lip_bnd.CT_jaw_pri_ctrl_weight_rz': 0.0,
 u'CT_upper_lip_bnd.CT_jaw_pri_ctrl_weight_sx': 0.0,
 u'CT_upper_lip_bnd.CT_jaw_pri_ctrl_weight_sy': 0.0,
 u'CT_upper_lip_bnd.CT_jaw_pri_ctrl_weight_sz': 0.0,
 u'CT_upper_lip_bnd.CT_jaw_pri_ctrl_weight_tx': 0.0,
 u'CT_upper_lip_bnd.CT_jaw_pri_ctrl_weight_ty': 0.0,
 u'CT_upper_lip_bnd.CT_jaw_pri_ctrl_weight_tz': 0.0,
 u'CT_upper_lip_bnd.CT_mouthMover_pri_ctrl_weight_rx': 1.0,
 u'CT_upper_lip_bnd.CT_mouthMover_pri_ctrl_weight_ry': 1.0,
 u'CT_upper_lip_bnd.CT_mouthMover_pri_ctrl_weight_rz': 1.0,
 u'CT_upper_lip_bnd.CT_mouthMover_pri_ctrl_weight_sx': 1.0,
 u'CT_upper_lip_bnd.CT_mouthMover_pri_ctrl_weight_sy': 1.0,
 u'CT_upper_lip_bnd.CT_mouthMover_pri_ctrl_weight_sz': 1.0,
 u'CT_upper_lip_bnd.CT_mouthMover_pri_ctrl_weight_tx': 1.0,
 u'CT_upper_lip_bnd.CT_mouthMover_pri_ctrl_weight_ty': 1.0,
 u'CT_upper_lip_bnd.CT_mouthMover_pri_ctrl_weight_tz': 1.0,
 u'CT_upper_lip_bnd.LT_corner_lip_pri_ctrl_weight_rx': 0.1,
 u'CT_upper_lip_bnd.LT_corner_lip_pri_ctrl_weight_ry': 0.1,
 u'CT_upper_lip_bnd.LT_corner_lip_pri_ctrl_weight_rz': 0.1,
 u'CT_upper_lip_bnd.LT_corner_lip_pri_ctrl_weight_sx': 0.1,
 u'CT_upper_lip_bnd.LT_corner_lip_pri_ctrl_weight_sy': 0.1,
 u'CT_upper_lip_bnd.LT_corner_lip_pri_ctrl_weight_sz': 0.1,
 u'CT_upper_lip_bnd.LT_corner_lip_pri_ctrl_weight_tx': 0.1,
 u'CT_upper_lip_bnd.LT_corner_lip_pri_ctrl_weight_ty': 0.05,
 u'CT_upper_lip_bnd.LT_corner_lip_pri_ctrl_weight_tz': 0.1,
 u'CT_upper_lip_bnd.LT_upper_sneer_lip_pri_ctrl_weight_rx': 0.5,
 u'CT_upper_lip_bnd.LT_upper_sneer_lip_pri_ctrl_weight_ry': 0.5,
 u'CT_upper_lip_bnd.LT_upper_sneer_lip_pri_ctrl_weight_rz': 0.5,
 u'CT_upper_lip_bnd.LT_upper_sneer_lip_pri_ctrl_weight_sx': 0.5,
 u'CT_upper_lip_bnd.LT_upper_sneer_lip_pri_ctrl_weight_sy': 0.5,
 u'CT_upper_lip_bnd.LT_upper_sneer_lip_pri_ctrl_weight_sz': 0.5,
 u'CT_upper_lip_bnd.LT_upper_sneer_lip_pri_ctrl_weight_tx': 0.5,
 u'CT_upper_lip_bnd.LT_upper_sneer_lip_pri_ctrl_weight_ty': 0.5,
 u'CT_upper_lip_bnd.LT_upper_sneer_lip_pri_ctrl_weight_tz': 0.5,
 u'CT_upper_lip_bnd.RT_corner_lip_pri_ctrl_weight_rx': 0.1,
 u'CT_upper_lip_bnd.RT_corner_lip_pri_ctrl_weight_ry': 0.1,
 u'CT_upper_lip_bnd.RT_corner_lip_pri_ctrl_weight_rz': 0.1,
 u'CT_upper_lip_bnd.RT_corner_lip_pri_ctrl_weight_sx': 0.1,
 u'CT_upper_lip_bnd.RT_corner_lip_pri_ctrl_weight_sy': 0.1,
 u'CT_upper_lip_bnd.RT_corner_lip_pri_ctrl_weight_sz': 0.1,
 u'CT_upper_lip_bnd.RT_corner_lip_pri_ctrl_weight_tx': 0.1,
 u'CT_upper_lip_bnd.RT_corner_lip_pri_ctrl_weight_ty': 0.05,
 u'CT_upper_lip_bnd.RT_corner_lip_pri_ctrl_weight_tz': 0.1,
 u'CT_upper_lip_bnd.RT_upper_sneer_lip_pri_ctrl_weight_rx': 0.5,
 u'CT_upper_lip_bnd.RT_upper_sneer_lip_pri_ctrl_weight_ry': 0.5,
 u'CT_upper_lip_bnd.RT_upper_sneer_lip_pri_ctrl_weight_rz': 0.5,
 u'CT_upper_lip_bnd.RT_upper_sneer_lip_pri_ctrl_weight_sx': 0.5,
 u'CT_upper_lip_bnd.RT_upper_sneer_lip_pri_ctrl_weight_sy': 0.5,
 u'CT_upper_lip_bnd.RT_upper_sneer_lip_pri_ctrl_weight_sz': 0.5,
 u'CT_upper_lip_bnd.RT_upper_sneer_lip_pri_ctrl_weight_tx': 0.5,
 u'CT_upper_lip_bnd.RT_upper_sneer_lip_pri_ctrl_weight_ty': 0.5,
 u'CT_upper_lip_bnd.RT_upper_sneer_lip_pri_ctrl_weight_tz': 0.5,
 u'LT_cheek_bnd.CT_jaw_pri_ctrl_weight_rx': 0.2,
 u'LT_cheek_bnd.CT_jaw_pri_ctrl_weight_ry': 0.2,
 u'LT_cheek_bnd.CT_jaw_pri_ctrl_weight_rz': 0.2,
 u'LT_cheek_bnd.CT_jaw_pri_ctrl_weight_sx': 0.2,
 u'LT_cheek_bnd.CT_jaw_pri_ctrl_weight_sy': 0.2,
 u'LT_cheek_bnd.CT_jaw_pri_ctrl_weight_sz': 0.2,
 u'LT_cheek_bnd.CT_jaw_pri_ctrl_weight_tx': 0.2,
 u'LT_cheek_bnd.CT_jaw_pri_ctrl_weight_ty': 0.2,
 u'LT_cheek_bnd.CT_jaw_pri_ctrl_weight_tz': 0.2,
 u'LT_cheek_bnd.LT_cheek_pri_ctrl_weight_rx': 1.0,
 u'LT_cheek_bnd.LT_cheek_pri_ctrl_weight_ry': 1.0,
 u'LT_cheek_bnd.LT_cheek_pri_ctrl_weight_rz': 1.0,
 u'LT_cheek_bnd.LT_cheek_pri_ctrl_weight_sx': 1.0,
 u'LT_cheek_bnd.LT_cheek_pri_ctrl_weight_sy': 1.0,
 u'LT_cheek_bnd.LT_cheek_pri_ctrl_weight_sz': 1.0,
 u'LT_cheek_bnd.LT_cheek_pri_ctrl_weight_tx': 1.0,
 u'LT_cheek_bnd.LT_cheek_pri_ctrl_weight_ty': 1.0,
 u'LT_cheek_bnd.LT_cheek_pri_ctrl_weight_tz': 1.0,
 u'LT_chin_bnd.CT_jaw_pri_ctrl_weight_rx': 1.0,
 u'LT_chin_bnd.CT_jaw_pri_ctrl_weight_ry': 1.0,
 u'LT_chin_bnd.CT_jaw_pri_ctrl_weight_rz': 1.0,
 u'LT_chin_bnd.CT_jaw_pri_ctrl_weight_sx': 1.0,
 u'LT_chin_bnd.CT_jaw_pri_ctrl_weight_sy': 1.0,
 u'LT_chin_bnd.CT_jaw_pri_ctrl_weight_sz': 1.0,
 u'LT_chin_bnd.CT_jaw_pri_ctrl_weight_tx': 1.0,
 u'LT_chin_bnd.CT_jaw_pri_ctrl_weight_ty': 1.0,
 u'LT_chin_bnd.CT_jaw_pri_ctrl_weight_tz': 1.0,
 u'LT_corner_jaw_bnd.CT_jaw_pri_ctrl_weight_rx': 1.0,
 u'LT_corner_jaw_bnd.CT_jaw_pri_ctrl_weight_ry': 1.0,
 u'LT_corner_jaw_bnd.CT_jaw_pri_ctrl_weight_rz': 1.0,
 u'LT_corner_jaw_bnd.CT_jaw_pri_ctrl_weight_sx': 1.0,
 u'LT_corner_jaw_bnd.CT_jaw_pri_ctrl_weight_sy': 1.0,
 u'LT_corner_jaw_bnd.CT_jaw_pri_ctrl_weight_sz': 1.0,
 u'LT_corner_jaw_bnd.CT_jaw_pri_ctrl_weight_tx': 1.0,
 u'LT_corner_jaw_bnd.CT_jaw_pri_ctrl_weight_ty': 1.0,
 u'LT_corner_jaw_bnd.CT_jaw_pri_ctrl_weight_tz': 1.0,
 u'LT_corner_lip_bnd.CT_jaw_pri_ctrl_weight_rx': 0.5,
 u'LT_corner_lip_bnd.CT_jaw_pri_ctrl_weight_ry': 0.5,
 u'LT_corner_lip_bnd.CT_jaw_pri_ctrl_weight_rz': 0.5,
 u'LT_corner_lip_bnd.CT_jaw_pri_ctrl_weight_sx': 0.5,
 u'LT_corner_lip_bnd.CT_jaw_pri_ctrl_weight_sy': 0.5,
 u'LT_corner_lip_bnd.CT_jaw_pri_ctrl_weight_sz': 0.5,
 u'LT_corner_lip_bnd.CT_jaw_pri_ctrl_weight_tx': 0.5,
 u'LT_corner_lip_bnd.CT_jaw_pri_ctrl_weight_ty': 0.5,
 u'LT_corner_lip_bnd.CT_jaw_pri_ctrl_weight_tz': 0.5,
 u'LT_corner_lip_bnd.CT_mouthMover_pri_ctrl_weight_rx': 1.0,
 u'LT_corner_lip_bnd.CT_mouthMover_pri_ctrl_weight_ry': 1.0,
 u'LT_corner_lip_bnd.CT_mouthMover_pri_ctrl_weight_rz': 1.0,
 u'LT_corner_lip_bnd.CT_mouthMover_pri_ctrl_weight_sx': 1.0,
 u'LT_corner_lip_bnd.CT_mouthMover_pri_ctrl_weight_sy': 1.0,
 u'LT_corner_lip_bnd.CT_mouthMover_pri_ctrl_weight_sz': 1.0,
 u'LT_corner_lip_bnd.CT_mouthMover_pri_ctrl_weight_tx': 1.0,
 u'LT_corner_lip_bnd.CT_mouthMover_pri_ctrl_weight_ty': 1.0,
 u'LT_corner_lip_bnd.CT_mouthMover_pri_ctrl_weight_tz': 1.0,
 u'LT_corner_lip_bnd.LT_corner_lip_pri_ctrl_weight_rx': 1.0,
 u'LT_corner_lip_bnd.LT_corner_lip_pri_ctrl_weight_ry': 1.0,
 u'LT_corner_lip_bnd.LT_corner_lip_pri_ctrl_weight_rz': 1.0,
 u'LT_corner_lip_bnd.LT_corner_lip_pri_ctrl_weight_sx': 1.0,
 u'LT_corner_lip_bnd.LT_corner_lip_pri_ctrl_weight_sy': 1.0,
 u'LT_corner_lip_bnd.LT_corner_lip_pri_ctrl_weight_sz': 1.0,
 u'LT_corner_lip_bnd.LT_corner_lip_pri_ctrl_weight_tx': 1.0,
 u'LT_corner_lip_bnd.LT_corner_lip_pri_ctrl_weight_ty': 1.0,
 u'LT_corner_lip_bnd.LT_corner_lip_pri_ctrl_weight_tz': 1.0,
 u'LT_eyelid_inner_bnd.LT_eyeMover_pri_ctrl_weight_rx': 1.0,
 u'LT_eyelid_inner_bnd.LT_eyeMover_pri_ctrl_weight_ry': 1.0,
 u'LT_eyelid_inner_bnd.LT_eyeMover_pri_ctrl_weight_rz': 1.0,
 u'LT_eyelid_inner_bnd.LT_eyeMover_pri_ctrl_weight_sx': 1.0,
 u'LT_eyelid_inner_bnd.LT_eyeMover_pri_ctrl_weight_sy': 1.0,
 u'LT_eyelid_inner_bnd.LT_eyeMover_pri_ctrl_weight_sz': 1.0,
 u'LT_eyelid_inner_bnd.LT_eyeMover_pri_ctrl_weight_tx': 1.0,
 u'LT_eyelid_inner_bnd.LT_eyeMover_pri_ctrl_weight_ty': 1.0,
 u'LT_eyelid_inner_bnd.LT_eyeMover_pri_ctrl_weight_tz': 1.0,
 u'LT_eyelid_inner_lower_bnd.LT_eyeMover_pri_ctrl_weight_rx': 1.0,
 u'LT_eyelid_inner_lower_bnd.LT_eyeMover_pri_ctrl_weight_ry': 1.0,
 u'LT_eyelid_inner_lower_bnd.LT_eyeMover_pri_ctrl_weight_rz': 1.0,
 u'LT_eyelid_inner_lower_bnd.LT_eyeMover_pri_ctrl_weight_sx': 1.0,
 u'LT_eyelid_inner_lower_bnd.LT_eyeMover_pri_ctrl_weight_sy': 1.0,
 u'LT_eyelid_inner_lower_bnd.LT_eyeMover_pri_ctrl_weight_sz': 1.0,
 u'LT_eyelid_inner_lower_bnd.LT_eyeMover_pri_ctrl_weight_tx': 1.0,
 u'LT_eyelid_inner_lower_bnd.LT_eyeMover_pri_ctrl_weight_ty': 1.0,
 u'LT_eyelid_inner_lower_bnd.LT_eyeMover_pri_ctrl_weight_tz': 1.0,
 u'LT_eyelid_inner_lower_bnd.LT_eyelid_lower_pri_ctrl_weight_rx': 0.38,
 u'LT_eyelid_inner_lower_bnd.LT_eyelid_lower_pri_ctrl_weight_ry': 0.38,
 u'LT_eyelid_inner_lower_bnd.LT_eyelid_lower_pri_ctrl_weight_rz': 0.38,
 u'LT_eyelid_inner_lower_bnd.LT_eyelid_lower_pri_ctrl_weight_sx': 0.38,
 u'LT_eyelid_inner_lower_bnd.LT_eyelid_lower_pri_ctrl_weight_sy': 0.38,
 u'LT_eyelid_inner_lower_bnd.LT_eyelid_lower_pri_ctrl_weight_sz': 0.38,
 u'LT_eyelid_inner_lower_bnd.LT_eyelid_lower_pri_ctrl_weight_tx': 0.38,
 u'LT_eyelid_inner_lower_bnd.LT_eyelid_lower_pri_ctrl_weight_ty': 0.38,
 u'LT_eyelid_inner_lower_bnd.LT_eyelid_lower_pri_ctrl_weight_tz': 0.38,
 u'LT_eyelid_inner_upper_bnd.LT_eyeMover_pri_ctrl_weight_rx': 1.0,
 u'LT_eyelid_inner_upper_bnd.LT_eyeMover_pri_ctrl_weight_ry': 1.0,
 u'LT_eyelid_inner_upper_bnd.LT_eyeMover_pri_ctrl_weight_rz': 1.0,
